2
5 2
0 0 1 1 0
0 0 1 1 0

1
7 8
0 0 0 0 0 0 0
1 1 1 1 1 1 0
1 1 1 1 1 1 0
0 0 0 1 1 1 0
0 1 1 1 0 0 0
0 1 1 1 1 1 1
0 1 1 1 1 1 1
0 0 0 0 0 0 0
=> 25

2
8 12
0 0 0 0 0 0 0 0
0 1 1 1 1 1 1 0
0 1 1 1 1 1 1 0
0 1 1 0 0 0 0 0
0 1 1 0 1 1 1 1
0 1 1 0 1 1 1 1
0 1 1 0 0 0 0 0
0 1 1 0 1 1 1 0
0 1 1 1 1 1 1 0
1 1 0 0 0 0 1 1
1 1 1 1 1 1 1 1
1 1 1 0 1 1 0 0
=> 14

30
7 10
0 1 1 1 0 1 1
1 1 0 1 1 1 0
1 1 1 1 1 1 1
1 1 1 1 1 0 1
1 1 1 0 1 1 1
1 0 1 1 1 1 1
1 1 1 1 1 1 1
1 1 0 1 1 1 1
1 1 1 1 0 1 1
1 1 1 1 1 1 0
=> 9

2
2 6
0 1
1 1
1 0
1 1
0 1
0 0
=> 4